Game count, horrible attempt, Q-learner


0, 10, 38
1, 18, 30
2, 31, 17
3, 15, 33
4, 29, 19
5, 30, 18
6, 34, 14
7, 29, 19
8, 35, 13
9, 27, 21
10, 20, 28
11, 21, 27
12, 16, 32
13, 35, 13
14, 19, 29
15, 34, 14
16, 26, 22
17, 27, 21
18, 26, 22
19, 31, 17
20, 22, 26
21, 34, 14
22, 36, 12
23, 33, 15
24, 19, 29
25, 31, 17
26, 36, 12
27, 17, 31
28, 15, 33
29, 34, 14
30, 32, 16
31, 10, 38
32, 27, 21
33, 23, 25
34, 30, 18
35, 17, 31
36, 31, 17
37, 17, 31
38, 15, 33
39, 25, 23
40, 25, 23
41, 13, 35
42, 28, 20
43, 20, 28
44, 31, 17
45, 22, 26
46, 24, 24
47, 35, 13
48, 9, 39
49, 22, 26
50, 22, 26
51, 26, 22
52, 19, 29
53, 13, 35
54, 26, 22
55, 22, 26
56, 13, 35
57, 24, 24
58, 21, 27
59, 17, 31
60, 10, 38
61, 21, 27
62, 20, 28
63, 16, 32
64, 28, 20
65, 14, 34
66, 17, 31
67, 23, 25
68, 12, 36
69, 16, 32
70, 17, 31
71, 14, 34
72, 23, 25
73, 22, 26
74, 22, 26
75, 19, 29
76, 39, 9
77, 13, 35
78, 33, 15
79, 19, 29
80, 30, 18
81, 26, 22
82, 21, 27
83, 20, 28
84, 27, 21
85, 24, 24
86, 16, 32
87, 23, 25
88, 15, 33
89, 19, 29
90, 19, 29
91, 19, 29
92, 12, 36
93, 26, 22
94, 24, 24
95, 20, 28
96, 20, 28
97, 17, 31
98, 12, 36
99, 22, 26
100
100, 21, 27
101, 20, 28
102, 21, 27
103, 19, 29
104, 22, 26
105, 15, 33
106, 14, 34
107, 18, 30
108, 20, 28
109, 10, 38
110, 10, 38
111, 27, 21
112, 32, 16
113, 26, 22
114, 17, 31
115, 13, 35
116, 17, 31
117, 31, 17
118, 25, 23
119, 19, 29
120, 22, 26
121, 19, 29
122, 11, 37
123, 21, 27
124, 11, 37
125, 11, 37
126, 35, 13
127, 15, 33
128, 23, 25
129, 21, 27
130, 17, 31
131, 11, 37
132, 13, 35
133, 22, 26
134, 22, 26
135, 22, 26
136, 13, 35
137, 12, 36
138, 23, 25
139, 15, 33
140, 26, 22
141, 14, 34
142, 17, 31
143, 14, 34
144, 27, 21
145, 23, 25
146, 21, 27
147, 15, 33
148, 23, 25
149, 23, 25
150, 21, 27
151, 26, 22
152, 20, 28
153, 27, 21
154, 19, 29
155, 16, 32
156, 16, 32
157, 19, 29
158, 16, 32
159, 16, 32
160, 19, 29
161, 19, 29
162, 13, 35
163, 11, 37
164, 21, 27
165, 22, 26
166, 19, 29
167, 14, 34
168, 22, 26
169, 10, 38
170, 16, 32
171, 18, 30
172, 11, 37
173, 12, 36
174, 14, 34
175, 21, 27
176, 17, 31
177, 17, 31
178, 14, 34
179, 22, 26
180, 15, 33
181, 25, 23
182, 14, 34
183, 15, 33
184, 14, 34
185, 29, 19
186, 13, 35
187, 21, 27
188, 24, 24
189, 14, 34
190, 26, 22
191, 27, 21
192, 21, 27
193, 24, 24
194, 24, 24
195, 30, 18
196, 26, 22
197, 25, 23
198, 25, 23
199, 15, 33
200
200, 15, 33
201, 11, 37
202, 22, 26
203, 17, 31
204, 14, 34
205, 15, 33
206, 26, 22
207, 28, 20
208, 18, 30
209, 22, 26
210, 21, 27
211, 14, 34
212, 20, 28
213, 17, 31
214, 36, 12
215, 23, 25
216, 20, 28
217, 29, 19
218, 21, 27
219, 14, 34
220, 15, 33
221, 22, 26
222, 14, 34
223, 10, 38
224, 29, 19
225, 20, 28
226, 21, 27
227, 17, 31
228, 17, 31
229, 14, 34
230, 20, 28
231, 10, 38
232, 20, 28
233, 19, 29
234, 11, 37
235, 20, 28
236, 7, 41
237, 23, 25
238, 14, 34
239, 18, 30
240, 17, 31
241, 22, 26
242, 33, 15
243, 14, 34
244, 24, 24
245, 15, 33
246, 21, 27
247, 14, 34
248, 17, 31
249, 25, 23
250, 31, 17
251, 23, 25
252, 18, 30
253, 32, 16
254, 6, 42
255, 11, 37
256, 16, 32
257, 24, 24
258, 12, 36
259, 27, 21
260, 21, 27
261, 13, 35
262, 21, 27
263, 23, 25
264, 33, 15
265, 17, 31
266, 14, 34
267, 18, 30
268, 25, 23
269, 25, 23
270, 17, 31
271, 21, 27
272, 16, 32
273, 25, 23
274, 16, 32
275, 22, 26
276, 36, 12
277, 24, 24
278, 11, 37
279, 12, 36
280, 18, 30
281, 17, 31
282, 21, 27
283, 27, 21
284, 19, 29
285, 23, 25
286, 12, 36
287, 31, 17
288, 29, 19
289, 18, 30
290, 25, 23
291, 30, 18
292, 16, 32
293, 17, 31
294, 28, 20
295, 21, 27
296, 23, 25
297, 20, 28
298, 24, 24
299, 12, 36
300
300, 27, 21
301, 18, 30
302, 24, 24
303, 26, 22
304, 16, 32
305, 12, 36
306, 21, 27
307, 14, 34
308, 23, 25
309, 21, 27
310, 12, 36
311, 21, 27
312, 16, 32
313, 9, 39
314, 24, 24
315, 24, 24
316, 24, 24
317, 20, 28
318, 12, 36
319, 19, 29
320, 17, 31
321, 18, 30
322, 23, 25
323, 12, 36
324, 15, 33
325, 28, 20
326, 12, 36
327, 21, 27
328, 12, 36
329, 23, 25
330, 24, 24
331, 20, 28
332, 13, 35
333, 11, 37
334, 21, 27
335, 19, 29
336, 15, 33
337, 26, 22
338, 18, 30
339, 20, 28
340, 13, 35
341, 13, 35
342, 26, 22
343, 15, 33
344, 16, 32
345, 40, 8
346, 9, 39
347, 16, 32
348, 26, 22
349, 24, 24
350, 18, 30
351, 24, 24
352, 16, 32
353, 15, 33
354, 23, 25
355, 12, 36
356, 35, 13
357, 24, 24
358, 22, 26
359, 23, 25
360, 24, 24
361, 29, 19
362, 30, 18
363, 18, 30
364, 22, 26
365, 28, 20
366, 20, 28
367, 13, 35
368, 10, 38
369, 13, 35
370, 16, 32
371, 16, 32
372, 23, 25
373, 22, 26
374, 24, 24
375, 27, 21
376, 21, 27
377, 15, 33
378, 10, 38
379, 19, 29
380, 14, 34
381, 17, 31
382, 19, 29
383, 17, 31
384, 24, 24
385, 26, 22
386, 15, 33
387, 18, 30
388, 11, 37
389, 9, 39
390, 22, 26
391, 9, 39
392, 18, 30
393, 32, 16
394, 20, 28
395, 18, 30
396, 13, 35
397, 32, 16
398, 23, 25
399, 11, 37
400
400, 22, 26
401, 8, 40
402, 18, 30
403, 12, 36
404, 22, 26
405, 13, 35
406, 12, 36
407, 11, 37
408, 22, 26
409, 16, 32
410, 15, 33
411, 23, 25
412, 23, 25
413, 27, 21
414, 10, 38
415, 27, 21
416, 25, 23
417, 32, 16
418, 26, 22
419, 26, 22
420, 31, 17
421, 19, 29
422, 26, 22
423, 22, 26
424, 24, 24
425, 24, 24
426, 22, 26
427, 16, 32
428, 30, 18
429, 19, 29
430, 22, 26
431, 16, 32
432, 28, 20
433, 25, 23
434, 17, 31
435, 18, 30
436, 12, 36
437, 26, 22
438, 19, 29
439, 30, 18
440, 15, 33
441, 28, 20
442, 24, 24
443, 21, 27
444, 14, 34
445, 13, 35
446, 18, 30
447, 29, 19
448, 17, 31
449, 15, 33
450, 16, 32
451, 13, 35
452, 25, 23
453, 27, 21
454, 27, 21
455, 24, 24
456, 31, 17
457, 27, 21
458, 27, 21
459, 24, 24
460, 26, 22
461, 28, 20
462, 29, 19
463, 25, 23
464, 24, 24
465, 12, 36
466, 26, 22
467, 26, 22
468, 24, 24
469, 18, 30
470, 27, 21
471, 29, 19
472, 34, 14
473, 28, 20
474, 33, 15
475, 15, 33
476, 26, 22
477, 19, 29
478, 25, 23
479, 27, 21
480, 19, 29
481, 24, 24
482, 27, 21
483, 28, 20
484, 26, 22
485, 19, 29
486, 20, 28
487, 27, 21
488, 27, 21
489, 30, 18
490, 24, 24
491, 24, 24
492, 21, 27
493, 19, 29
494, 29, 19
495, 34, 14
496, 23, 25
497, 23, 25
498, 20, 28
499, 26, 22
500
500, 26, 22
501, 27, 21
502, 24, 24
503, 25, 23
504, 25, 23
505, 33, 15
506, 23, 25
507, 26, 22
508, 27, 21
509, 25, 23
510, 19, 29
511, 28, 20
512, 27, 21
513, 17, 31
514, 16, 32
515, 28, 20
516, 26, 22
517, 16, 32
518, 25, 23
519, 17, 31
520, 23, 25
521, 26, 22
522, 27, 21
523, 28, 20
524, 20, 28
525, 27, 21
526, 28, 20
527, 27, 21
528, 9, 39
529, 30, 18
530, 28, 20
531, 26, 22
532, 26, 22
533, 27, 21
534, 20, 28
535, 28, 20
536, 27, 21
537, 30, 18
538, 34, 14
539, 27, 21
540, 19, 29
541, 27, 21
542, 25, 23
543, 27, 21
544, 26, 22
545, 27, 21
546, 26, 22
547, 25, 23
548, 27, 21
549, 27, 21
550, 24, 24
551, 26, 22
552, 25, 23
553, 27, 21
554, 24, 24
555, 30, 18
556, 25, 23
557, 25, 23
558, 25, 23
559, 25, 23
560, 32, 16
561, 22, 26
562, 28, 20
563, 25, 23
564, 20, 28
565, 28, 20
566, 26, 22
567, 35, 13
568, 27, 21
569, 26, 22
570, 22, 26
571, 26, 22
572, 29, 19
573, 27, 21
574, 27, 21
575, 25, 23
576, 27, 21
577, 27, 21
578, 27, 21
579, 23, 25
580, 32, 16
581, 27, 21
582, 25, 23
583, 31, 17
584, 32, 16
585, 25, 23
586, 28, 20
587, 24, 24
588, 25, 23
589, 27, 21
590, 25, 23
591, 31, 17
592, 27, 21
593, 27, 21
594, 27, 21
595, 27, 21
596, 27, 21
597, 26, 22
598, 26, 22
599, 28, 20
600
600, 30, 18
601, 27, 21
602, 28, 20
603, 27, 21
604, 18, 30
605, 27, 21
606, 24, 24
607, 27, 21
608, 27, 21
609, 26, 22
610, 28, 20
611, 27, 21
612, 20, 28
613, 32, 16
614, 31, 17
615, 25, 23
616, 26, 22
617, 33, 15
618, 26, 22
619, 28, 20
620, 25, 23
621, 27, 21
622, 31, 17
623, 28, 20
624, 20, 28
625, 23, 25
626, 26, 22
627, 28, 20
628, 23, 25
629, 27, 21
630, 32, 16
631, 27, 21
632, 27, 21
633, 31, 17
634, 26, 22
635, 26, 22
636, 25, 23
637, 24, 24
638, 27, 21
639, 23, 25
640, 18, 30
641, 27, 21
642, 25, 23
643, 27, 21
644, 28, 20
645, 27, 21
646, 27, 21
647, 32, 16
648, 22, 26
649, 28, 20
650, 28, 20
651, 33, 15
652, 28, 20
653, 25, 23
654, 27, 21
655, 25, 23
656, 27, 21
657, 27, 21
658, 28, 20
659, 27, 21
660, 27, 21
661, 26, 22
662, 31, 17
663, 26, 22
664, 25, 23
665, 27, 21
666, 24, 24
667, 27, 21
668, 26, 22
669, 28, 20
670, 27, 21
671, 30, 18
672, 27, 21
673, 29, 19
674, 25, 23
675, 25, 23
676, 26, 22
677, 33, 15
678, 26, 22
679, 28, 20
680, 30, 18
681, 27, 21
682, 28, 20
683, 28, 20
684, 28, 20
685, 25, 23
686, 26, 22
687, 28, 20
688, 28, 20
689, 28, 20
690, 27, 21
691, 20, 28
692, 33, 15
693, 28, 20
694, 27, 21
695, 28, 20
696, 25, 23
697, 27, 21
698, 28, 20
699, 25, 23
700
700, 32, 16
701, 27, 21
702, 27, 21
703, 27, 21
704, 27, 21
705, 30, 18
706, 25, 23
707, 22, 26
708, 28, 20
709, 36, 12
710, 27, 21
711, 25, 23
712, 26, 22
713, 27, 21
714, 28, 20
715, 25, 23
716, 27, 21
717, 27, 21
718, 26, 22
719, 25, 23
720, 28, 20
721, 33, 15
722, 32, 16
723, 28, 20
724, 27, 21
725, 26, 22
726, 25, 23
727, 27, 21
728, 30, 18
729, 27, 21
730, 23, 25
731, 26, 22
732, 26, 22
733, 20, 28
734, 25, 23
735, 26, 22
736, 26, 22
737, 27, 21
738, 26, 22
739, 26, 22
740, 27, 21
741, 27, 21
742, 26, 22
743, 31, 17
744, 27, 21
745, 26, 22
746, 25, 23
747, 27, 21
748, 27, 21
749, 31, 17
750, 28, 20
751, 25, 23
752, 27, 21
753, 28, 20
754, 27, 21
755, 33, 15
756, 28, 20
757, 32, 16
758, 26, 22
759, 26, 22
760, 27, 21
761, 27, 21
762, 25, 23
763, 28, 20
764, 27, 21
765, 26, 22
766, 27, 21
767, 31, 17
768, 28, 20
769, 28, 20
770, 27, 21
771, 27, 21
772, 26, 22
773, 26, 22
774, 26, 22
775, 26, 22
776, 28, 20
777, 28, 20
778, 26, 22
779, 26, 22
780, 29, 19
781, 26, 22
782, 26, 22
783, 28, 20
784, 23, 25
785, 36, 12
786, 27, 21
787, 32, 16
788, 25, 23
789, 26, 22
790, 26, 22
791, 27, 21
792, 26, 22
793, 27, 21
794, 26, 22
795, 28, 20
796, 27, 21
797, 26, 22
798, 33, 15
799, 26, 22
800
800, 27, 21
801, 28, 20
802, 28, 20
803, 26, 22
804, 26, 22
805, 26, 22
806, 27, 21
807, 28, 20
808, 25, 23
809, 26, 22
810, 28, 20
811, 28, 20
812, 26, 22
813, 27, 21
814, 26, 22
815, 25, 23
816, 26, 22
817, 26, 22
818, 25, 23
819, 27, 21
820, 28, 20
821, 27, 21
822, 32, 16
823, 26, 22
824, 25, 23
825, 28, 20
826, 25, 23
827, 26, 22
828, 27, 21
829, 27, 21
830, 27, 21
831, 26, 22
832, 27, 21
833, 26, 22
834, 32, 16
835, 28, 20
836, 27, 21
837, 33, 15
838, 33, 15
839, 27, 21
840, 27, 21
841, 25, 23
842, 34, 14
843, 28, 20
844, 32, 16
845, 28, 20
846, 27, 21
847, 28, 20
848, 28, 20
849, 25, 23
850, 27, 21
851, 30, 18
852, 27, 21
853, 26, 22
854, 25, 23
855, 27, 21
856, 26, 22
857, 25, 23
858, 28, 20
859, 32, 16
860, 27, 21
861, 33, 15
862, 36, 12
863, 26, 22
864, 28, 20
865, 28, 20
866, 26, 22
867, 27, 21
868, 28, 20
869, 28, 20
870, 26, 22
871, 26, 22
872, 27, 21
873, 27, 21
874, 27, 21
875, 26, 22
876, 27, 21
877, 26, 22
878, 26, 22
879, 27, 21
880, 32, 16
881, 26, 22
882, 25, 23
883, 27, 21
884, 27, 21
885, 32, 16
886, 27, 21
887, 26, 22
888, 26, 22
889, 27, 21
890, 27, 21
891, 27, 21
892, 25, 23
893, 26, 22
894, 27, 21
895, 26, 22
896, 26, 22
897, 33, 15
898, 26, 22
899, 26, 22
900
900, 28, 20
901, 28, 20
902, 28, 20
903, 27, 21
904, 26, 22
905, 28, 20
906, 27, 21
907, 36, 12
908, 27, 21
909, 27, 21
910, 27, 21
911, 26, 22
912, 32, 16
913, 11, 37
914, 26, 22
915, 32, 16
916, 26, 22
917, 36, 12
918, 28, 20
919, 27, 21
920, 27, 21
921, 27, 21
922, 27, 21
923, 32, 16
924, 26, 22
925, 27, 21
926, 27, 21
927, 25, 23
928, 28, 20
929, 26, 22
930, 28, 20
931, 27, 21
932, 27, 21
933, 36, 12
934, 27, 21
935, 28, 20
936, 27, 21
937, 27, 21
938, 28, 20
939, 27, 21
940, 32, 16
941, 26, 22
942, 33, 15
943, 26, 22
944, 26, 22
945, 27, 21
946, 33, 15
947, 27, 21
948, 26, 22
949, 26, 22
950, 27, 21
951, 27, 21
952, 27, 21
953, 26, 22
954, 26, 22
955, 27, 21
956, 26, 22
957, 28, 20
958, 27, 21
959, 27, 21
960, 28, 20
961, 33, 15
962, 26, 22
963, 30, 18
964, 32, 16
965, 27, 21
966, 26, 22
967, 26, 22
968, 25, 23
969, 26, 22
970, 27, 21
971, 23, 25
972, 26, 22
973, 34, 14
974, 28, 20
975, 27, 21
976, 26, 22
977, 33, 15
978, 27, 21
979, 21, 27
980, 27, 21
981, 28, 20
982, 28, 20
983, 32, 16
984, 36, 12
985, 28, 20
986, 27, 21
987, 27, 21
988, 25, 23
989, 26, 22
990, 32, 16
991, 27, 21
992, 27, 21
993, 28, 20
994, 25, 23
995, 26, 22
996, 26, 22
997, 28, 20
998, 26, 22
999, 28, 20
